1750080225887 -0.977387380535909 0
1750080226866 -0.9773894930750966 0
1750080226975 -0.9763606864907344 0
1750080227033 -0.9763585739515468 0
1750080227107 -0.977387380535909 0
1750080227222 -0.9794428811654456 0
1750080227316 -0.9784140745810834 0
1750080227421 -0.9784161871202711 0
1750080227505 -0.9794428811654456 0
1750080227954 -0.7718394301214287 0
1750080228761 -0.9794428811654456 0
1750080229428 -0.9743072984003853 0
1750080230182 -0.9794428811654456 0
1750080230779 -0.9681386839725877 0
1750080231365 -0.9722412350749106 0
1750080231970 -0.9722412350749106 0
1750080232553 -0.9753297673671847 0
1750080233151 -0.9794428811654456 0
1750080233807 -0.9794428811654456 0
1750080234494 -0.9784140745810834 0
1750080235208 -0.9681386839725877 0
1750080235876 -0.9743030733220102 0
1750080236660 -0.9794428811654456 0
1750080237419 -0.9784161871202711 0
1750080238182 -0.9794428811654456 0
1750080239015 -0.9794428811654456 0
1750080239977 -0.9794428811654456 0
1750080240800 -0.976352236333984 0
1750080241644 -0.9794428811654456 0
1750080242332 -0.9722412350749106 0
1750080243217 -0.9753255422888094 0
1750080244215 -0.9619764071623529 0
1750080244997 -0.9681407965117752 0
1750080245866 -0.9763606864907344 0
1750080246777 -0.9804695752106202 0
1750080247585 -0.9722412350749106 0
1750080248501 -0.9753297673671847 0
1750080249390 -0.9722412350749106 0
1750080250288 -0.9794428811654456 0
1750080251230 -0.9804695752106202 0
1750080252379 -0.9794428811654456 0
1750080253794 -0.9784161871202711 0
1750080254995 -0.9732763792768355 0
1750080256007 -0.9794428811654456 0
1750080257045 -0.9763585739515468 0
1750080258084 -0.9712166535689237 0
1750080259542 -0.9486167093399582 0
1750080260896 -0.9732700416592728 0
1750080262237 -0.9773852679967213 0
1750080263737 -0.9218909760776062 0
1750080225887 -0.977387380535909 0
1750080226866 -0.9773894930750966 0
1750080226975 -0.9763606864907344 0
1750080227033 -0.9763585739515468 0
1750080227107 -0.977387380535909 0
1750080227222 -0.9794428811654456 0
1750080227316 -0.9784140745810834 0
1750080227421 -0.9784161871202711 0
1750080227505 -0.9794428811654456 0
1750080227954 -0.7718394301214287 0
1750080228761 -0.9794428811654456 0
1750080229428 -0.9743072984003853 0
1750080230182 -0.9794428811654456 0
1750080230779 -0.9681386839725877 0
1750080231365 -0.9722412350749106 0
1750080231970 -0.9722412350749106 0
1750080232553 -0.9753297673671847 0
1750080233151 -0.9794428811654456 0
1750080233807 -0.9794428811654456 0
1750080234494 -0.9784140745810834 0
1750080235208 -0.9681386839725877 0
1750080235876 -0.9743030733220102 0
1750080236660 -0.9794428811654456 0
1750080237419 -0.9784161871202711 0
1750080238182 -0.9794428811654456 0
1750080239015 -0.9794428811654456 0
1750080239977 -0.9794428811654456 0
1750080240800 -0.976352236333984 0
1750080241644 -0.9794428811654456 0
1750080242332 -0.9722412350749106 0
1750080243217 -0.9753255422888094 0
1750080244215 -0.9619764071623529 0
1750080244997 -0.9681407965117752 0
1750080245866 -0.9763606864907344 0
1750080246777 -0.9804695752106202 0
1750080247585 -0.9722412350749106 0
1750080248501 -0.9753297673671847 0
1750080249390 -0.9722412350749106 0
1750080250288 -0.9794428811654456 0
1750080251230 -0.9804695752106202 0
1750080252379 -0.9794428811654456 0
1750080253794 -0.9784161871202711 0
1750080254995 -0.9732763792768355 0
1750080256007 -0.9794428811654456 0
1750080257045 -0.9763585739515468 0
1750080258084 -0.9712166535689237 0
1750080259542 -0.9486167093399582 0
1750080260896 -0.9732700416592728 0
1750080262237 -0.9773852679967213 0
1750080263737 -0.9218909760776062 0
