1750080225878 13.0 0
1750080226857 25.0 0
1750080226966 14.0 0
1750080227027 25.0 0
1750080227101 24.0 0
1750080227216 22.0 0
1750080227310 19.0 0
1750080227415 17.0 0
1750080227499 29.0 0
1750080227946 1.0 0
1750080228753 30.0 0
1750080229419 10.0 0
1750080230174 28.0 0
1750080230770 11.0 0
1750080231358 30.0 0
1750080231962 21.0 0
1750080232545 12.0 0
1750080233143 27.0 0
1750080233798 23.0 0
1750080234486 8.0 0
1750080235199 6.0 0
1750080235867 7.0 0
1750080236651 29.0 0
1750080237410 16.0 0
1750080238173 20.0 0
1750080239008 18.0 0
1750080239968 24.0 0
1750080240791 15.0 0
1750080241634 26.0 0
1750080242322 18.0 0
1750080243208 14.0 0
1750080244208 5.0 0
1750080244988 9.0 0
1750080245856 15.0 0
1750080246768 22.0 0
1750080247575 28.0 0
1750080248492 12.0 0
1750080249381 23.0 0
1750080250281 22.0 0
1750080251221 20.0 0
1750080252369 30.0 0
1750080253784 17.0 0
1750080254985 7.0 0
1750080256000 21.0 0
1750080257035 8.0 0
1750080258076 6.0 0
1750080259532 5.0 0
1750080260887 25.0 0
1750080262228 21.0 0
1750080263727 3.0 0
1750080225878 13.0 0
1750080226857 25.0 0
1750080226966 14.0 0
1750080227027 25.0 0
1750080227101 24.0 0
1750080227216 22.0 0
1750080227310 19.0 0
1750080227415 17.0 0
1750080227499 29.0 0
1750080227946 1.0 0
1750080228753 30.0 0
1750080229419 10.0 0
1750080230174 28.0 0
1750080230770 11.0 0
1750080231358 30.0 0
1750080231962 21.0 0
1750080232545 12.0 0
1750080233143 27.0 0
1750080233798 23.0 0
1750080234486 8.0 0
1750080235199 6.0 0
1750080235867 7.0 0
1750080236651 29.0 0
1750080237410 16.0 0
1750080238173 20.0 0
1750080239008 18.0 0
1750080239968 24.0 0
1750080240791 15.0 0
1750080241634 26.0 0
1750080242322 18.0 0
1750080243208 14.0 0
1750080244208 5.0 0
1750080244988 9.0 0
1750080245856 15.0 0
1750080246768 22.0 0
1750080247575 28.0 0
1750080248492 12.0 0
1750080249381 23.0 0
1750080250281 22.0 0
1750080251221 20.0 0
1750080252369 30.0 0
1750080253784 17.0 0
1750080254985 7.0 0
1750080256000 21.0 0
1750080257035 8.0 0
1750080258076 6.0 0
1750080259532 5.0 0
1750080260887 25.0 0
1750080262228 21.0 0
1750080263727 3.0 0
