1750080225883 39.0 0 d034cd623bcf4e269083ad65e36f6b53
1750080226862 45.0 0 d034cd623bcf4e269083ad65e36f6b53
1750080226970 47.0 0 d034cd623bcf4e269083ad65e36f6b53
1750080227030 17.0 0 d034cd623bcf4e269083ad65e36f6b53
1750080227104 28.0 0 d034cd623bcf4e269083ad65e36f6b53
1750080227219 48.0 0 d034cd623bcf4e269083ad65e36f6b53
1750080227313 41.0 0 d034cd623bcf4e269083ad65e36f6b53
1750080227418 47.0 0 d034cd623bcf4e269083ad65e36f6b53
1750080227502 38.0 0 d034cd623bcf4e269083ad65e36f6b53
1750080227950 43.0 0 d034cd623bcf4e269083ad65e36f6b53
1750080228757 50.0 0 d034cd623bcf4e269083ad65e36f6b53
1750080229424 50.0 0 d034cd623bcf4e269083ad65e36f6b53
1750080230178 50.0 0 d034cd623bcf4e269083ad65e36f6b53
1750080230775 10.0 0 d034cd623bcf4e269083ad65e36f6b53
1750080231361 10.0 0 d034cd623bcf4e269083ad65e36f6b53
1750080231966 10.0 0 d034cd623bcf4e269083ad65e36f6b53
1750080232549 50.0 0 d034cd623bcf4e269083ad65e36f6b53
1750080233147 50.0 0 d034cd623bcf4e269083ad65e36f6b53
1750080233802 50.0 0 d034cd623bcf4e269083ad65e36f6b53
1750080234490 50.0 0 d034cd623bcf4e269083ad65e36f6b53
1750080235203 50.0 0 d034cd623bcf4e269083ad65e36f6b53
1750080235872 10.0 0 d034cd623bcf4e269083ad65e36f6b53
1750080236655 50.0 0 d034cd623bcf4e269083ad65e36f6b53
1750080237414 50.0 0 d034cd623bcf4e269083ad65e36f6b53
1750080238178 50.0 0 d034cd623bcf4e269083ad65e36f6b53
1750080239012 50.0 0 d034cd623bcf4e269083ad65e36f6b53
1750080239973 50.0 0 d034cd623bcf4e269083ad65e36f6b53
1750080240796 10.0 0 d034cd623bcf4e269083ad65e36f6b53
1750080241639 50.0 0 d034cd623bcf4e269083ad65e36f6b53
1750080242327 10.0 0 d034cd623bcf4e269083ad65e36f6b53
1750080243212 11.0 0 d034cd623bcf4e269083ad65e36f6b53
1750080244211 40.0 0 d034cd623bcf4e269083ad65e36f6b53
1750080244993 10.0 0 d034cd623bcf4e269083ad65e36f6b53
1750080245861 50.0 0 d034cd623bcf4e269083ad65e36f6b53
1750080246773 32.0 0 d034cd623bcf4e269083ad65e36f6b53
1750080247580 10.0 0 d034cd623bcf4e269083ad65e36f6b53
1750080248497 49.0 0 d034cd623bcf4e269083ad65e36f6b53
1750080249386 10.0 0 d034cd623bcf4e269083ad65e36f6b53
1750080250284 50.0 0 d034cd623bcf4e269083ad65e36f6b53
1750080251225 31.0 0 d034cd623bcf4e269083ad65e36f6b53
1750080252374 49.0 0 d034cd623bcf4e269083ad65e36f6b53
1750080253789 38.0 0 d034cd623bcf4e269083ad65e36f6b53
1750080254990 31.0 0 d034cd623bcf4e269083ad65e36f6b53
1750080256004 50.0 0 d034cd623bcf4e269083ad65e36f6b53
1750080257040 46.0 0 d034cd623bcf4e269083ad65e36f6b53
1750080258080 39.0 0 d034cd623bcf4e269083ad65e36f6b53
1750080259537 18.0 0 d034cd623bcf4e269083ad65e36f6b53
1750080260892 12.0 0 d034cd623bcf4e269083ad65e36f6b53
1750080262233 21.0 0 d034cd623bcf4e269083ad65e36f6b53
1750080263732 13.0 0 d034cd623bcf4e269083ad65e36f6b53
