1750078895668 -0.977387380535909 0
1750078896678 -0.9773894930750966 0
1750078896813 -0.9763606864907344 0
1750078896881 -0.9763585739515468 0
1750078896956 -0.977387380535909 0
1750078897072 -0.9794428811654456 0
1750078897167 -0.9784140745810834 0
1750078897272 -0.9784161871202711 0
1750078897356 -0.9794428811654456 0
1750078897820 -0.7718394301214287 0
1750078898603 -0.9794428811654456 0
1750078899241 -0.9743072984003853 0
1750078899922 -0.9794428811654456 0
1750078900517 -0.9681386839725877 0
1750078901111 -0.9722412350749106 0
1750078901744 -0.9722412350749106 0
1750078902342 -0.9753297673671847 0
1750078902989 -0.9794428811654456 0
1750078903658 -0.9794428811654456 0
1750078904369 -0.9784140745810834 0
1750078905094 -0.9681386839725877 0
1750078905784 -0.9743030733220102 0
1750078906584 -0.9794428811654456 0
1750078907344 -0.9784161871202711 0
1750078908127 -0.9794428811654456 0
1750078908939 -0.9794428811654456 0
1750078909907 -0.9794428811654456 0
1750078910744 -0.976352236333984 0
1750078911619 -0.9794428811654456 0
1750078912338 -0.9722412350749106 0
1750078913265 -0.9753255422888094 0
1750078914286 -0.9619764071623529 0
1750078915114 -0.9681407965117752 0
1750078916001 -0.9763606864907344 0
1750078916930 -0.9804695752106202 0
1750078917713 -0.9722412350749106 0
1750078918658 -0.9753297673671847 0
1750078919569 -0.9722412350749106 0
1750078920476 -0.9794428811654456 0
1750078921464 -0.9804695752106202 0
1750078922615 -0.9794428811654456 0
1750078924051 -0.9784161871202711 0
1750078925249 -0.9732763792768355 0
1750078926279 -0.9794428811654456 0
1750078927309 -0.9763585739515468 0
1750078928357 -0.9712166535689237 0
1750078929778 -0.9486167093399582 0
1750078931076 -0.9732700416592728 0
1750078932512 -0.9773852679967213 0
1750078934035 -0.9218909760776062 0
1750078895668 -0.977387380535909 0
1750078896678 -0.9773894930750966 0
1750078896813 -0.9763606864907344 0
1750078896881 -0.9763585739515468 0
1750078896956 -0.977387380535909 0
1750078897072 -0.9794428811654456 0
1750078897167 -0.9784140745810834 0
1750078897272 -0.9784161871202711 0
1750078897356 -0.9794428811654456 0
1750078897820 -0.7718394301214287 0
1750078898603 -0.9794428811654456 0
1750078899241 -0.9743072984003853 0
1750078899922 -0.9794428811654456 0
1750078900517 -0.9681386839725877 0
1750078901111 -0.9722412350749106 0
1750078901744 -0.9722412350749106 0
1750078902342 -0.9753297673671847 0
1750078902989 -0.9794428811654456 0
1750078903658 -0.9794428811654456 0
1750078904369 -0.9784140745810834 0
1750078905094 -0.9681386839725877 0
1750078905784 -0.9743030733220102 0
1750078906584 -0.9794428811654456 0
1750078907344 -0.9784161871202711 0
1750078908127 -0.9794428811654456 0
1750078908939 -0.9794428811654456 0
1750078909907 -0.9794428811654456 0
1750078910744 -0.976352236333984 0
1750078911619 -0.9794428811654456 0
1750078912338 -0.9722412350749106 0
1750078913265 -0.9753255422888094 0
1750078914286 -0.9619764071623529 0
1750078915114 -0.9681407965117752 0
1750078916001 -0.9763606864907344 0
1750078916930 -0.9804695752106202 0
1750078917713 -0.9722412350749106 0
1750078918658 -0.9753297673671847 0
1750078919569 -0.9722412350749106 0
1750078920476 -0.9794428811654456 0
1750078921464 -0.9804695752106202 0
1750078922615 -0.9794428811654456 0
1750078924051 -0.9784161871202711 0
1750078925249 -0.9732763792768355 0
1750078926279 -0.9794428811654456 0
1750078927309 -0.9763585739515468 0
1750078928357 -0.9712166535689237 0
1750078929778 -0.9486167093399582 0
1750078931076 -0.9732700416592728 0
1750078932512 -0.9773852679967213 0
1750078934035 -0.9218909760776062 0
