1750078895663 39.0 0
1750078896674 45.0 0
1750078896808 47.0 0
1750078896878 17.0 0
1750078896953 28.0 0
1750078897068 48.0 0
1750078897164 41.0 0
1750078897269 47.0 0
1750078897353 38.0 0
1750078897816 43.0 0
1750078898599 50.0 0
1750078899237 50.0 0
1750078899918 50.0 0
1750078900512 10.0 0
1750078901107 10.0 0
1750078901740 10.0 0
1750078902337 50.0 0
1750078902985 50.0 0
1750078903654 50.0 0
1750078904365 50.0 0
1750078905090 50.0 0
1750078905781 10.0 0
1750078906580 50.0 0
1750078907341 50.0 0
1750078908124 50.0 0
1750078908935 50.0 0
1750078909902 50.0 0
1750078910741 10.0 0
1750078911615 50.0 0
1750078912333 10.0 0
1750078913261 11.0 0
1750078914283 40.0 0
1750078915110 10.0 0
1750078915996 50.0 0
1750078916926 32.0 0
1750078917708 10.0 0
1750078918653 49.0 0
1750078919566 10.0 0
1750078920472 50.0 0
1750078921459 31.0 0
1750078922610 49.0 0
1750078924047 38.0 0
1750078925244 31.0 0
1750078926275 50.0 0
1750078927304 46.0 0
1750078928353 39.0 0
1750078929773 18.0 0
1750078931071 12.0 0
1750078932507 21.0 0
1750078934030 13.0 0
1750078895663 39.0 0
1750078896674 45.0 0
1750078896808 47.0 0
1750078896878 17.0 0
1750078896953 28.0 0
1750078897068 48.0 0
1750078897164 41.0 0
1750078897269 47.0 0
1750078897353 38.0 0
1750078897816 43.0 0
1750078898599 50.0 0
1750078899237 50.0 0
1750078899918 50.0 0
1750078900512 10.0 0
1750078901107 10.0 0
1750078901740 10.0 0
1750078902337 50.0 0
1750078902985 50.0 0
1750078903654 50.0 0
1750078904365 50.0 0
1750078905090 50.0 0
1750078905781 10.0 0
1750078906580 50.0 0
1750078907341 50.0 0
1750078908124 50.0 0
1750078908935 50.0 0
1750078909902 50.0 0
1750078910741 10.0 0
1750078911615 50.0 0
1750078912333 10.0 0
1750078913261 11.0 0
1750078914283 40.0 0
1750078915110 10.0 0
1750078915996 50.0 0
1750078916926 32.0 0
1750078917708 10.0 0
1750078918653 49.0 0
1750078919566 10.0 0
1750078920472 50.0 0
1750078921459 31.0 0
1750078922610 49.0 0
1750078924047 38.0 0
1750078925244 31.0 0
1750078926275 50.0 0
1750078927304 46.0 0
1750078928353 39.0 0
1750078929773 18.0 0
1750078931071 12.0 0
1750078932507 21.0 0
1750078934030 13.0 0
