1750078895659 13.0 0 e6a265bbd9db4eb281cfac411793160c
1750078896669 25.0 0 e6a265bbd9db4eb281cfac411793160c
1750078896804 14.0 0 e6a265bbd9db4eb281cfac411793160c
1750078896875 25.0 0 e6a265bbd9db4eb281cfac411793160c
1750078896950 24.0 0 e6a265bbd9db4eb281cfac411793160c
1750078897065 22.0 0 e6a265bbd9db4eb281cfac411793160c
1750078897160 19.0 0 e6a265bbd9db4eb281cfac411793160c
1750078897265 17.0 0 e6a265bbd9db4eb281cfac411793160c
1750078897350 29.0 0 e6a265bbd9db4eb281cfac411793160c
1750078897812 1.0 0 e6a265bbd9db4eb281cfac411793160c
1750078898594 30.0 0 e6a265bbd9db4eb281cfac411793160c
1750078899233 10.0 0 e6a265bbd9db4eb281cfac411793160c
1750078899913 28.0 0 e6a265bbd9db4eb281cfac411793160c
1750078900508 11.0 0 e6a265bbd9db4eb281cfac411793160c
1750078901102 30.0 0 e6a265bbd9db4eb281cfac411793160c
1750078901735 21.0 0 e6a265bbd9db4eb281cfac411793160c
1750078902333 12.0 0 e6a265bbd9db4eb281cfac411793160c
1750078902980 27.0 0 e6a265bbd9db4eb281cfac411793160c
1750078903649 23.0 0 e6a265bbd9db4eb281cfac411793160c
1750078904360 8.0 0 e6a265bbd9db4eb281cfac411793160c
1750078905085 6.0 0 e6a265bbd9db4eb281cfac411793160c
1750078905777 7.0 0 e6a265bbd9db4eb281cfac411793160c
1750078906576 29.0 0 e6a265bbd9db4eb281cfac411793160c
1750078907337 16.0 0 e6a265bbd9db4eb281cfac411793160c
1750078908120 20.0 0 e6a265bbd9db4eb281cfac411793160c
1750078908932 18.0 0 e6a265bbd9db4eb281cfac411793160c
1750078909898 24.0 0 e6a265bbd9db4eb281cfac411793160c
1750078910737 15.0 0 e6a265bbd9db4eb281cfac411793160c
1750078911610 26.0 0 e6a265bbd9db4eb281cfac411793160c
1750078912328 18.0 0 e6a265bbd9db4eb281cfac411793160c
1750078913256 14.0 0 e6a265bbd9db4eb281cfac411793160c
1750078914279 5.0 0 e6a265bbd9db4eb281cfac411793160c
1750078915105 9.0 0 e6a265bbd9db4eb281cfac411793160c
1750078915991 15.0 0 e6a265bbd9db4eb281cfac411793160c
1750078916921 22.0 0 e6a265bbd9db4eb281cfac411793160c
1750078917703 28.0 0 e6a265bbd9db4eb281cfac411793160c
1750078918648 12.0 0 e6a265bbd9db4eb281cfac411793160c
1750078919562 23.0 0 e6a265bbd9db4eb281cfac411793160c
1750078920469 22.0 0 e6a265bbd9db4eb281cfac411793160c
1750078921454 20.0 0 e6a265bbd9db4eb281cfac411793160c
1750078922606 30.0 0 e6a265bbd9db4eb281cfac411793160c
1750078924042 17.0 0 e6a265bbd9db4eb281cfac411793160c
1750078925239 7.0 0 e6a265bbd9db4eb281cfac411793160c
1750078926271 21.0 0 e6a265bbd9db4eb281cfac411793160c
1750078927299 8.0 0 e6a265bbd9db4eb281cfac411793160c
1750078928350 6.0 0 e6a265bbd9db4eb281cfac411793160c
1750078929768 5.0 0 e6a265bbd9db4eb281cfac411793160c
1750078931066 25.0 0 e6a265bbd9db4eb281cfac411793160c
1750078932502 21.0 0 e6a265bbd9db4eb281cfac411793160c
1750078934025 3.0 0 e6a265bbd9db4eb281cfac411793160c
